# timestamp workers_connected workers_init workers_idle workers_busy workers_able workers_joined workers_removed workers_released workers_idled_out workers_blocked workers_slow workers_lost tasks_waiting tasks_on_workers tasks_running tasks_with_results tasks_submitted tasks_dispatched tasks_done tasks_failed tasks_cancelled tasks_exhausted_attempts time_send time_receive time_send_good time_receive_good time_status_msgs time_internal time_polling time_application time_scheduling time_execute time_execute_good time_execute_exhaustion bytes_sent bytes_received bandwidth capacity_tasks capacity_cores capacity_memory capacity_disk capacity_instantaneous capacity_weighted total_cores total_memory total_disk committed_cores committed_memory committed_disk max_cores max_memory max_disk min_cores min_memory min_disk inuse_cache
1741619561999559 0 0 0 0 0 0 0 0 0 0 0 0 0 0 0 0 0 0 0 0 0 0 0 0 0 0 0 0 0 0 0 0 0 0 0 0 1.000000 0 0 0 0 0 0 0 0 0 0 0 0 0 0 0 0 0 0 0
1741619561999684 0 0 0 0 0 0 0 0 0 0 0 0 0 0 0 0 0 0 0 0 0 0 0 0 0 0 0 0 0 0 0 0 0 0 0 0 1.000000 10 10 5120 10240 10 10 0 0 0 0 0 0 0 0 0 0 0 0 0
1741619617316036 1 0 0 1 1 1 0 0 0 0 0 0 3 1 1 0 4 0 0 0 0 0 769 420 0 0 394 35587 53059216 2219055 15 0 0 0 597291 0 1.000000 10 10 5120 10240 10 10 4 1024 2000 0 0 0 4 1024 2000 4 1024 2000 1
1741619619518706 2 0 1 1 2 2 0 0 0 0 0 0 0 4 4 0 4 4 0 0 0 0 2741 469 0 0 917 35635 55259994 2219055 42 0 0 0 2338204 0 1.000000 10 10 5120 10240 10 10 8 2048 4000 4 1024 1127 4 1024 2000 4 1024 2000 3
1741619629245779 4 0 3 1 4 4 0 0 0 0 0 0 0 4 4 0 4 4 0 0 0 0 2748 587 0 0 1499 69668 64947867 2223428 42 0 0 0 2338204 0 1.000000 10 10 5120 10240 10 10 16 4096 8000 4 1024 1127 4 1024 2000 4 1024 2000 3
1741619660359429 4 0 3 1 4 4 0 0 0 0 0 0 0 5 4 1 4 4 0 0 0 0 2762 866 0 0 1659 69861 96047401 2236715 42 42987865 0 0 2338204 0 1.000000 10 10 5120 10240 10 10 16 4096 8000 4 1024 1127 4 1024 2000 4 1024 2000 3
1741619660361057 4 0 3 1 4 4 0 0 0 0 0 0 0 2 2 0 4 4 2 0 0 0 2762 2415 0 1276 1780 69881 96047401 2236715 42 85958749 85958749 0 2338204 49278 1.000000 768 768 196608 233856 768 48 16 4096 8000 2 512 576 4 1024 2000 4 1024 2000 2
1741619660363675 4 0 3 1 4 4 0 0 0 0 0 0 0 2 2 0 4 4 2 0 0 0 2762 2415 0 1276 1780 69881 96047401 2239276 42 85958749 85958749 0 2338204 49278 1.000000 664 664 169984 183264 585 75 16 4096 8000 2 512 576 4 1024 2000 4 1024 2000 2
1741619660366755 4 0 4 0 4 4 0 0 0 0 0 0 0 0 0 0 4 4 4 0 0 0 2762 3851 0 2411 1899 69956 96048682 2239476 42 171929574 171929574 0 2338204 101977 1.000000 552 552 141312 138552 413 141 16 4096 8000 0 0 0 4 1024 2000 4 1024 2000 1
1741619660367025 4 0 4 0 4 4 0 0 0 0 0 0 0 0 0 0 4 4 4 0 0 0 2762 3851 0 2411 1899 69956 96048682 2239703 42 171929574 171929574 0 2338204 101977 1.000000 665 665 170240 187530 1711 220 16 4096 8000 0 0 0 4 1024 2000 4 1024 2000 1
1741620561139435 0 0 0 0 0 4 4 4 0 0 0 0 0 0 0 0 4 4 4 0 0 0 2762 3851 0 2411 1899 69996 96048682 2239703 42 171929574 171929574 0 2338204 101977 1.000000 665 665 170240 187530 1711 366 0 0 0 0 0 0 0 0 0 0 0 0 0
