# timestamp workers_connected workers_init workers_idle workers_busy workers_able workers_joined workers_removed workers_released workers_idled_out workers_blocked workers_slow workers_lost tasks_waiting tasks_on_workers tasks_running tasks_with_results tasks_submitted tasks_dispatched tasks_done tasks_failed tasks_cancelled tasks_exhausted_attempts time_send time_receive time_send_good time_receive_good time_status_msgs time_internal time_polling time_application time_scheduling time_execute time_execute_good time_execute_exhaustion bytes_sent bytes_received bandwidth capacity_tasks capacity_cores capacity_memory capacity_disk capacity_instantaneous capacity_weighted total_cores total_memory total_disk committed_cores committed_memory committed_disk max_cores max_memory max_disk min_cores min_memory min_disk inuse_cache
1741621404881681 0 0 0 0 0 0 0 0 0 0 0 0 0 0 0 0 0 0 0 0 0 0 0 0 0 0 0 0 0 0 0 0 0 0 0 0 1.000000 0 0 0 0 0 0 0 0 0 0 0 0 0 0 0 0 0 0 0
1741621404881778 0 0 0 0 0 0 0 0 0 0 0 0 0 0 0 0 0 0 0 0 0 0 0 0 0 0 0 0 0 0 0 0 0 0 0 0 1.000000 10 10 5120 10240 10 10 0 0 0 0 0 0 0 0 0 0 0 0 0
1741621424140916 0 1 0 0 0 0 0 0 0 0 0 0 10 0 0 0 10 0 0 0 0 0 506 80 0 0 147 7679 19231234 19411 0 0 0 0 0 0 1.000000 10 10 5120 10240 10 10 0 0 0 0 0 0 0 0 0 0 0 0 0
1741621424291880 2 0 1 1 2 2 0 0 0 0 0 0 8 1 1 0 10 2 1 0 0 0 2669 610 0 381 812 7751 19378661 19468 34 148389 148389 0 92150 22716 1.000000 10 10 5120 10240 10 10 2 31894 268321 1 15947 100596 1 15947 134193 1 15947 134128 1
1741621424436397 2 0 1 1 2 2 0 0 0 0 0 0 7 1 1 0 10 3 2 0 0 0 3470 1134 0 752 974 7790 19521209 19882 52 292221 292221 0 137578 45432 1.000000 94 94 1499018 9460606 94 19 2 31894 268321 1 15947 100644 1 15947 134193 1 15947 134128 1
1741621424473861 2 0 1 1 2 2 0 0 0 0 0 0 6 1 1 0 10 4 3 0 0 0 4214 1611 0 1075 1108 7825 19556448 20680 71 472023 472023 0 183006 68148 1.000000 57 57 908979 5735361 41 22 2 31894 268321 1 15947 100596 1 15947 134193 1 15947 134128 1
1741621424626070 2 0 1 1 2 2 0 0 0 0 0 0 5 1 1 0 10 5 4 0 0 0 4844 2066 0 1371 1226 7864 19706906 21151 89 659290 659290 0 228434 90864 1.000000 71 71 1132237 7144624 118 32 2 31894 268321 1 15947 100644 1 15947 134193 1 15947 134128 1
1741621424666945 2 0 1 1 2 2 0 0 0 0 0 0 4 1 1 0 10 6 5 0 0 0 5511 2615 0 1776 1361 7894 19745887 21627 105 850001 850001 0 273862 113580 1.000000 83 83 1323601 8351491 139 44 2 31894 268321 1 15947 100596 1 15947 134193 1 15947 134128 1
1741621424775166 2 0 1 1 2 2 0 0 0 0 0 0 3 1 1 0 10 7 6 0 0 0 6201 3145 0 2146 1509 7934 19851705 22578 127 996816 996816 0 319290 136296 1.000000 88 88 1403336 8855022 114 52 2 31894 268321 1 15947 100644 1 15947 134193 1 15947 134128 1
1741621424815698 2 0 1 1 2 2 0 0 0 0 0 0 2 1 1 0 10 8 7 0 0 0 6847 3554 0 2411 1616 7961 19890244 23345 145 1142969 1142969 0 364718 159012 1.000000 89 89 1419283 8955214 94 57 2 31894 268321 1 15947 100596 1 15947 134193 1 15947 134128 1
1741621424921809 2 0 1 1 2 2 0 0 0 0 0 0 1 1 1 0 10 9 8 0 0 0 7369 4009 0 2722 1758 7998 19994807 23703 168 1287098 1287098 0 410146 181728 1.000000 91 91 1451177 9156771 104 63 2 31894 268321 1 15947 100644 1 15947 134193 1 15947 134128 1
1741621424962799 2 0 1 1 2 2 0 0 0 0 0 0 0 1 1 0 10 10 9 0 0 0 7829 4462 0 3047 1883 8021 20034246 24161 185 1432131 1432131 0 455574 204444 1.000000 91 91 1451177 9156455 96 67 2 31894 268321 1 15947 100596 1 15947 134193 1 15947 134128 1
1741621425066940 2 0 2 0 2 2 0 0 0 0 0 0 0 0 0 0 10 10 10 0 0 0 7829 4922 0 3361 2005 8060 20137367 24531 185 1575191 1575191 0 455574 227160 1.000000 92 92 1467124 9257324 97 71 2 31894 268321 0 0 0 1 15947 134193 1 15947 134128 1
1741621443172054 0 0 0 0 0 2 2 2 0 0 0 0 0 0 0 0 10 10 10 0 0 0 7829 4922 0 3361 2005 8060 20137367 24531 185 1575191 1575191 0 455574 227160 1.000000 93 93 1483071 9357695 105 73 0 0 0 0 0 0 0 0 0 0 0 0 0
