# timestamp workers_connected workers_init workers_idle workers_busy workers_able workers_joined workers_removed workers_released workers_idled_out workers_blocked workers_slow workers_lost tasks_waiting tasks_on_workers tasks_running tasks_with_results tasks_submitted tasks_dispatched tasks_done tasks_failed tasks_cancelled tasks_exhausted_attempts time_send time_receive time_send_good time_receive_good time_status_msgs time_internal time_polling time_application time_scheduling time_execute time_execute_good time_execute_exhaustion bytes_sent bytes_received bandwidth capacity_tasks capacity_cores capacity_memory capacity_disk capacity_instantaneous capacity_weighted total_cores total_memory total_disk committed_cores committed_memory committed_disk max_cores max_memory max_disk min_cores min_memory min_disk inuse_cache
1741621276363479 0 0 0 0 0 0 0 0 0 0 0 0 0 0 0 0 0 0 0 0 0 0 0 0 0 0 0 0 0 0 0 0 0 0 0 0 1.000000 0 0 0 0 0 0 0 0 0 0 0 0 0 0 0 0 0 0 0
1741621276363584 0 0 0 0 0 0 0 0 0 0 0 0 0 0 0 0 0 0 0 0 0 0 0 0 0 0 0 0 0 0 0 0 0 0 0 0 1.000000 10 10 5120 10240 10 10 0 0 0 0 0 0 0 0 0 0 0 0 0
1741621288935215 1 0 0 1 1 1 0 0 0 0 0 0 9 1 1 0 10 0 0 0 0 0 412 61 0 0 380 7693 12545655 16662 17 0 0 0 46722 0 1.000000 10 10 5120 10240 10 10 1 15947 134335 0 0 0 1 15947 134335 1 15947 134335 1
1741621289105346 1 0 1 0 1 1 0 0 0 0 0 0 9 0 0 0 10 1 1 0 0 0 1421 569 0 318 506 7732 12714791 16662 17 168802 168802 0 46722 22716 1.000000 10 10 5120 10240 10 10 1 15947 134335 0 0 0 1 15947 134335 1 15947 134335 1
1741621289234136 1 0 1 0 1 1 0 0 0 0 0 0 8 0 0 0 10 2 2 0 0 0 2101 1017 0 622 648 7772 12841658 17238 27 295289 295289 0 92150 45432 1.000000 95 95 1514965 9571368 95 19 1 15947 134335 0 0 0 1 15947 134335 1 15947 134335 1
1741621289375479 1 0 1 0 1 1 0 0 0 0 0 0 7 0 0 0 10 3 3 0 0 0 2603 1424 0 925 798 7800 12981202 17918 37 434390 434390 0 137578 68148 1.000000 90 90 1435230 9067613 85 27 1 15947 134335 0 0 0 1 15947 134335 1 15947 134335 1
1741621289517451 2 0 1 1 2 2 0 0 0 0 0 0 5 1 1 0 10 5 4 0 0 0 4469 1900 0 1229 1367 7883 13119713 18333 64 574267 574267 0 228434 90864 1.000000 93 93 1483071 9369866 101 35 2 31894 268440 1 15947 100578 1 15947 134335 1 15947 134105 1
1741621289655529 2 0 1 1 2 2 0 0 0 0 0 0 4 1 1 0 10 6 5 0 0 0 5184 2338 0 1546 1480 7913 13255464 19330 81 709512 709512 0 273862 113580 1.000000 94 94 1499018 9470618 98 42 2 31894 268440 1 15947 100578 1 15947 134335 1 15947 134105 1
1741621289667179 2 0 1 1 2 2 0 0 0 0 0 0 3 1 1 0 10 7 6 0 0 0 5782 2780 0 1871 1627 7951 13265125 20059 98 886633 886633 0 319290 136296 1.000000 92 92 1467124 9269115 84 47 2 31894 268440 1 15947 100751 1 15947 134335 1 15947 134105 1
1741621289797254 2 0 1 1 2 2 0 0 0 0 0 0 2 1 1 0 10 8 7 0 0 0 6343 3336 0 2261 1802 7993 13393444 20440 115 1025828 1025828 0 364718 159012 1.000000 79 79 1259813 7957078 50 49 2 31894 268440 1 15947 100578 1 15947 134335 1 15947 134105 1
1741621289810949 2 0 1 1 2 2 0 0 0 0 0 0 1 1 1 0 10 9 8 0 0 0 6959 3856 0 2614 1961 8034 13405275 20926 134 1167426 1167426 0 410146 181728 1.000000 80 80 1275760 8058129 90 54 2 31894 268440 1 15947 100751 1 15947 134335 1 15947 134105 1
1741621289941045 2 0 1 1 2 2 0 0 0 0 0 0 0 1 1 0 10 10 9 0 0 0 7528 4313 0 2903 2095 8062 13533620 21442 151 1309074 1309074 0 455574 204444 1.000000 81 81 1291707 8157359 94 58 2 31894 268440 1 15947 100578 1 15947 134335 1 15947 134105 1
1741621289951421 2 0 2 0 2 2 0 0 0 0 0 0 0 0 0 0 10 10 10 0 0 0 7528 4739 0 3222 2194 8097 13542292 22548 151 1447341 1447341 0 455574 227160 1.000000 83 83 1323601 8359172 103 64 2 31894 268440 0 0 0 1 15947 134335 1 15947 134105 1
1741621309440655 0 0 0 0 0 2 2 2 0 0 0 0 0 0 0 0 10 10 10 0 0 0 7528 4739 0 3222 2194 8097 13542292 22548 151 1447341 1447341 0 455574 227160 1.000000 84 84 1339548 8458758 94 66 0 0 0 0 0 0 0 0 0 0 0 0 0
