# timestamp workers_connected workers_init workers_idle workers_busy workers_able workers_joined workers_removed workers_released workers_idled_out workers_blocked workers_slow workers_lost tasks_waiting tasks_on_workers tasks_running tasks_with_results tasks_submitted tasks_dispatched tasks_done tasks_failed tasks_cancelled tasks_exhausted_attempts time_send time_receive time_send_good time_receive_good time_status_msgs time_internal time_polling time_application time_scheduling time_execute time_execute_good time_execute_exhaustion bytes_sent bytes_received bandwidth capacity_tasks capacity_cores capacity_memory capacity_disk capacity_instantaneous capacity_weighted total_cores total_memory total_disk committed_cores committed_memory committed_disk max_cores max_memory max_disk min_cores min_memory min_disk inuse_cache
1741621587207976 0 0 0 0 0 0 0 0 0 0 0 0 0 0 0 0 0 0 0 0 0 0 0 0 0 0 0 0 0 0 0 0 0 0 0 0 1.000000 0 0 0 0 0 0 0 0 0 0 0 0 0 0 0 0 0 0 0
1741621587208083 0 0 0 0 0 0 0 0 0 0 0 0 0 0 0 0 0 0 0 0 0 0 0 0 0 0 0 0 0 0 0 0 0 0 0 0 1.000000 10 10 5120 10240 10 10 0 0 0 0 0 0 0 0 0 0 0 0 0
1741621629081251 0 1 0 0 0 0 0 0 0 0 0 0 4 0 0 0 4 0 0 0 0 0 612 288 0 0 254 42567 39550896 2278413 0 0 0 0 0 0 1.000000 10 10 5120 10240 10 10 0 0 0 0 0 0 0 0 0 0 0 0 0
1741621634162422 2 0 1 1 2 2 0 0 0 0 0 0 0 4 4 0 4 4 0 0 0 0 3280 353 0 0 888 42641 44628397 2278556 51 0 0 0 2338204 0 1.000000 10 10 5120 10240 10 10 8 2048 4000 4 1024 1127 4 1024 2000 4 1024 2000 3
1741621694718413 4 0 3 1 4 4 0 0 0 0 0 0 0 4 4 0 4 4 0 0 0 0 3327 1011 0 0 1687 83294 105126705 2293847 51 0 0 0 2338204 0 1.000000 10 10 5120 10240 10 10 16 4096 8000 4 1024 1127 4 1024 2000 4 1024 2000 3
1741621699523272 4 0 4 0 4 4 0 0 0 0 0 0 0 0 0 0 4 4 4 0 0 0 3330 3739 0 2155 1926 83343 109928083 2294259 51 281457932 281457932 0 2338204 101977 1.000000 948 948 242688 260226 939 145 16 4096 8000 0 0 0 4 1024 2000 4 1024 2000 1
1741621699523647 4 0 4 0 4 4 0 0 0 0 0 0 0 0 0 0 4 4 4 0 0 0 3330 3739 0 2155 1926 83343 109928083 2294570 51 281457932 281457932 0 2338204 101977 1.000000 944 944 241664 266208 930 185 16 4096 8000 0 0 0 4 1024 2000 4 1024 2000 1
1741621699523823 4 0 4 0 4 4 0 0 0 0 0 0 0 0 0 0 4 4 4 0 0 0 3330 3739 0 2155 1926 83405 109928083 2294706 51 281457932 281457932 0 2338204 101977 1.000000 944 944 241664 266208 930 223 16 4096 8000 0 0 0 4 1024 2000 4 1024 2000 1
1741621699523989 4 0 4 0 4 4 0 0 0 0 0 0 0 0 0 0 4 4 4 0 0 0 3330 3739 0 2155 1926 83445 109928083 2294831 51 281457932 281457932 0 2338204 101977 1.000000 944 944 241664 266208 930 259 16 4096 8000 0 0 0 4 1024 2000 4 1024 2000 1
1741621930344716 0 0 0 0 0 4 4 4 0 0 0 0 0 0 0 0 4 4 4 0 0 0 3330 3739 0 2155 1926 83486 109928083 2294831 51 281457932 281457932 0 2338204 101977 1.000000 944 944 241664 266208 930 325 0 0 0 0 0 0 0 0 0 0 0 0 0
