# timestamp workers_connected workers_init workers_idle workers_busy workers_able workers_joined workers_removed workers_released workers_idled_out workers_blocked workers_slow workers_lost tasks_waiting tasks_on_workers tasks_running tasks_with_results tasks_submitted tasks_dispatched tasks_done tasks_failed tasks_cancelled tasks_exhausted_attempts time_send time_receive time_send_good time_receive_good time_status_msgs time_internal time_polling time_application time_scheduling time_execute time_execute_good time_execute_exhaustion bytes_sent bytes_received bandwidth capacity_tasks capacity_cores capacity_memory capacity_disk capacity_instantaneous capacity_weighted total_cores total_memory total_disk committed_cores committed_memory committed_disk max_cores max_memory max_disk min_cores min_memory min_disk inuse_cache
1741282147707987 0 0 0 0 0 0 0 0 0 0 0 0 0 0 0 0 0 0 0 0 0 0 0 0 0 0 0 0 0 0 0 0 0 0 0 0 1.000000 0 0 0 0 0 0 0 0 0 0 0 0 0 0 0 0 0 0 0
1741282147708095 0 0 0 0 0 0 0 0 0 0 0 0 0 0 0 0 0 0 0 0 0 0 0 0 0 0 0 0 0 0 0 0 0 0 0 0 1.000000 10 10 5120 10240 10 10 0 0 0 0 0 0 0 0 0 0 0 0 0
1741282206910785 1 0 0 1 1 1 0 0 0 0 0 0 3 1 1 0 4 0 0 0 0 0 849 308 0 0 474 33621 56166468 2999954 14 0 0 0 597291 0 1.000000 10 10 5120 10240 10 10 4 1024 2000 0 0 0 4 1024 2000 4 1024 2000 1
1741282210033748 2 0 1 1 2 2 0 0 0 0 0 0 0 4 4 0 4 4 0 0 0 0 2840 351 0 0 881 33679 59287682 2999954 57 0 0 0 2338204 0 1.000000 10 10 5120 10240 10 10 8 2048 4000 4 1024 1127 4 1024 2000 4 1024 2000 3
1741282220846698 4 0 3 1 4 4 0 0 0 0 0 0 0 4 4 0 4 4 0 0 0 0 2846 442 0 0 1359 71990 70060885 3000714 57 0 0 0 2338204 0 1.000000 10 10 5120 10240 10 10 16 4096 8000 4 1024 1127 4 1024 2000 4 1024 2000 3
1741282232663697 4 0 3 1 4 4 0 0 0 0 0 0 0 5 4 1 4 4 0 0 0 0 2851 534 0 0 1477 72069 81870916 3007228 57 25726258 0 0 2338204 0 1.000000 10 10 5120 10240 10 10 16 4096 8000 4 1024 1127 4 1024 2000 4 1024 2000 3
1741282232665336 4 0 3 1 4 4 0 0 0 0 0 0 0 2 2 0 4 4 2 0 0 0 2851 2093 0 1252 1618 72089 81870916 3007228 57 51414347 51414347 0 2338204 50997 1.000000 919 919 235264 344625 919 56 16 4096 8000 2 512 448 4 1024 2000 4 1024 2000 2
1741282232667910 4 0 3 1 4 4 0 0 0 0 0 0 0 2 2 0 4 4 2 0 0 0 2851 2093 0 1252 1618 72089 81870916 3009747 57 51414347 51414347 0 2338204 50997 1.000000 546 546 139776 185504 389 73 16 4096 8000 2 512 448 4 1024 2000 4 1024 2000 2
1741282232668730 4 0 3 1 4 4 0 0 0 0 0 0 0 1 1 0 4 4 3 0 0 0 2851 2615 0 1645 1691 72160 81870922 3009921 57 77086718 77086718 0 2338204 75636 1.000000 546 546 139776 185504 389 104 16 4096 8000 1 256 201 4 1024 2000 4 1024 2000 1
1741282232670387 4 0 4 0 4 4 0 0 0 0 0 0 0 0 0 0 4 4 4 0 0 0 2851 3174 0 2098 1768 72176 81871706 3010117 57 102724918 102724918 0 2338204 101977 1.000000 431 431 110336 133179 303 124 16 4096 8000 0 0 0 4 1024 2000 4 1024 2000 1
1741284767830234 0 0 0 0 0 4 4 4 0 0 0 0 0 0 0 0 4 4 4 0 0 0 2851 3174 0 2098 1768 72176 81871706 3010117 57 102724918 102724918 0 2338204 101977 1.000000 343 343 87808 96726 213 134 0 0 0 0 0 0 0 0 0 0 0 0 0
